%YAML:1.0
Model:
   - { p0_x:24, p0_y:23, p1_x:12, p1_y:22, theta:14, parity:1 }
