%YAML:1.0
Model:
   - { p0_x:38, p0_y:25, p1_x:34, p1_y:15, theta:13, parity:1 }
