%YAML:1.0
Model:
   - { p0_x:37, p0_y:26, p1_x:34, p1_y:15, theta:15, parity:1 }
