%YAML:1.0
Model:
   - { p0_x:37, p0_y:26, p1_x:12, p1_y:22, theta:29, parity:1 }
