%YAML:1.0
Model:
   - { p0_x:35, p0_y:30, p1_x:10, p1_y:22, theta:21, parity:1 }
