%YAML:1.0
Model:
   - { p0_x:35, p0_y:30, p1_x:11, p1_y:22, theta:18, parity:1 }
