%YAML:1.0
Model:
   - { p0_x:36, p0_y:30, p1_x:13, p1_y:22, theta:26, parity:1 }
