%YAML:1.0
Model:
   - { p0_x:35, p0_y:31, p1_x:12, p1_y:21, theta:14, parity:1 }
