%YAML:1.0
Model:
   - { p0_x:25, p0_y:23, p1_x:13, p1_y:21, theta:18, parity:1 }
