%YAML:1.0
Model:
   - { p0_x:26, p0_y:23, p1_x:37, p1_y:16, theta:10, parity:1 }
