%YAML:1.0
Model:
   - { p0_x:24, p0_y:24, p1_x:15, p1_y:21, theta:15, parity:1 }
