%YAML:1.0
Model:
   - { p0_x:24, p0_y:24, p1_x:12, p1_y:22, theta:18, parity:1 }
