%YAML:1.0
Model:
   - { p0_x:25, p0_y:39, p1_x:37, p1_y:33, theta:11, parity:-1 }
