%YAML:1.0
Model:
   - { p0_x:36, p0_y:26, p1_x:12, p1_y:22, theta:31, parity:1 }
