%YAML:1.0
Model:
   - { p0_x:37, p0_y:26, p1_x:15, p1_y:21, theta:28, parity:1 }
