%YAML:1.0
Model:
   - { p0_x:37, p0_y:26, p1_x:13, p1_y:22, theta:32, parity:1 }
