%YAML:1.0
Model:
   - { p0_x:38, p0_y:26, p1_x:36, p1_y:16, theta:20, parity:1 }
