%YAML:1.0
Model:
   - { p0_x:26, p0_y:34, p1_x:36, p1_y:32, theta:15, parity:-1 }
