%YAML:1.0
Model:
   - { p0_x:35, p0_y:27, p1_x:34, p1_y:15, theta:18, parity:1 }
