%YAML:1.0
Model:
   - { p0_x:37, p0_y:27, p1_x:37, p1_y:16, theta:22, parity:1 }
