%YAML:1.0
Model:
   - { p0_x:22, p0_y:39, p1_x:16, p1_y:31, theta:39, parity:-1 }
