%YAML:1.0
Model:
   - { p0_x:36, p0_y:28, p1_x:13, p1_y:21, theta:35, parity:1 }
