%YAML:1.0
Model:
   - { p0_x:22, p0_y:39, p1_x:17, p1_y:37, theta:41, parity:-1 }
