%YAML:1.0
Model:
   - { p0_x:30, p0_y:29, p1_x:29, p1_y:15, theta:28, parity:1 }
