%YAML:1.0
Model:
   - { p0_x:35, p0_y:30, p1_x:18, p1_y:20, theta:38, parity:1 }
