%YAML:1.0
Model:
   - { p0_x:25, p0_y:39, p1_x:38, p1_y:34, theta:12, parity:-1 }
