%YAML:1.0
Model:
   - { p0_x:35, p0_y:30, p1_x:13, p1_y:21, theta:24, parity:1 }
