%YAML:1.0
Model:
   - { p0_x:35, p0_y:30, p1_x:17, p1_y:21, theta:20, parity:1 }
