%YAML:1.0
Model:
   - { p0_x:34, p0_y:46, p1_x:16, p1_y:30, theta:35, parity:-1 }
