%YAML:1.0
Model:
   - { p0_x:35, p0_y:46, p1_x:17, p1_y:29, theta:29, parity:-1 }
