%YAML:1.0
Model:
   - { p0_x:36, p0_y:32, p1_x:11, p1_y:21, theta:11, parity:1 }
