%YAML:1.0
Model:
   - { p0_x:37, p0_y:32, p1_x:13, p1_y:22, theta:11, parity:1 }
