%YAML:1.0
Model:
   - { p0_x:37, p0_y:33, p1_x:15, p1_y:15, theta:33, parity:1 }
