%YAML:1.0
Model:
   - { p0_x:33, p0_y:47, p1_x:20, p1_y:31, theta:31, parity:-1 }
