%YAML:1.0
Model:
   - { p0_x:37, p0_y:28, p1_x:35, p1_y:15, theta:12, parity:1 }
