%YAML:1.0
Model:
   - { p0_x:37, p0_y:33, p1_x:13, p1_y:33, theta:10, parity:1 }
