%YAML:1.0
Model:
   - { p0_x:24, p0_y:22, p1_x:13, p1_y:21, theta:17, parity:1 }
