%YAML:1.0
Model:
   - { p0_x:36, p0_y:31, p1_x:10, p1_y:22, theta:11, parity:1 }
