%YAML:1.0
Model:
   - { p0_x:35, p0_y:30, p1_x:14, p1_y:22, theta:16, parity:1 }
