%YAML:1.0
Model:
   - { p0_x:36, p0_y:30, p1_x:15, p1_y:22, theta:22, parity:1 }
