%YAML:1.0
Model:
   - { p0_x:35, p0_y:31, p1_x:13, p1_y:22, theta:13, parity:1 }
