%YAML:1.0
Model:
   - { p0_x:35, p0_y:30, p1_x:12, p1_y:22, theta:15, parity:1 }
