%YAML:1.0
Model:
   - { p0_x:36, p0_y:32, p1_x:13, p1_y:22, theta:12, parity:1 }
