%YAML:1.0
Model:
   - { p0_x:33, p0_y:47, p1_x:16, p1_y:30, theta:36, parity:-1 }
