%YAML:1.0
Model:
   - { p0_x:32, p0_y:46, p1_x:37, p1_y:33, theta:10, parity:-1 }
